 6  6  1 -1 -1 -1 -1 -1  0  6  6  6  6  6  1 -1 -1
-1 -1  5 -1 -1 -1 -1 -1  4 -1 -1 -1 -1 -1  5 -1 -1
 9 -1  5 -1 13 -1 -1 -1  4 -1  8  7  9 -1  5 -1 -1
 4 -1  5 -1 -1 -1 12 -1  4 -1  5 -1  4 -1  5 -1 -1
 4 -1  5 -1 -1 14 -1 -1  4 -1  5 -1  4 -1  5 -1 -1
 4 -1 10  6  1  0  6  6 11 -1  5 -1  4 -1  5 -1 -1
 4 -1 -1 -1  5  4 -1 -1 -1 -1  5 -1  4 -1  5 -1 -1
 2  7  9 -1 10 11 -1  8  7  7  3 -1  4 -1  5 -1 -1
-1 -1  4 -1 -1 -1 -1  5 -1 -1 -1 -1  4 -1  5 -1 -1
-1 -1  2  7  7  7  7  3 -1 -1 -1 -1  4 -1 10  6  6
-1 -1 -1 -1 -1 -1 -1 -1 -1 -1 -1 -1  4 -1 -1 -1 -1